00000000000000000000000000000000000000000000000000000000000000000000000000000000
00000011100011100000000000000000000000000000000000001110001110000000000000000000
00000000000000000000000000000000000000000000000000000000000000000000000000000000
00001000010100001000000000000000000000000000000000100001010000100000000000000000
00001000010100001000000000000000000000000000000000100001010000100000000000000000
00001000010100001000000000000000000000000000000000100001010000100000000000000000
00000011100011100000000000000000000000000000000000001110001110000000000000000000
00000000000000000000000000000000000000000000000000000000000000000000000000000000
00000011100011100000000000000000000000100000000000001110001110000000000000000000
00001000010100001000000000000000000000010000000000100001010000100000000000000000
00001000010100001000000000000000000001110000000000100001010000100000000000000000
00001011110111101000000000000000000000000000000000101111011110100000000000000000
00000000000000000000000000000000000000000000000000000000000000000000000000000000
00001011110111101000000000000000000000000000000000101111011110100000000000000000
00001000010100001000000000000000000000000000000000100001010000100000000000000000
00001000010100001000000000000000000000000100000000100001010000100000000000000000
00000011100011100000000000000000000000001000000000001110001110000000000000000000
00000000000000000000000000000000000000001110000000000000000000000000000000000000
00000011100011100000000000000000000000000000000000001110001110000000000000000000
00001000010100001000000000000000000000000000000000100001010000100000000000000000
00001000010100001000000000000000000000000000000000100001010000100000000000000000
00001000010100001000000000000000000000000000000000100001010000100000000000000000
00000000000000000000000000000000000000000000000000000000000000000000000000000000
00000011100011100000000000000000000000000000000000001110001110000000000000000000
00000000000000000000000000000000000000000000000000000000000000000000000000000000
