00000000000000000000000000000000000000000000000000000000000000000000000000000000
00000000000000000000000000000000000000000000000000000000000000000000000000000000
00000000000000000000000000000000000000000000000000000000000000000000000000000000
00000000000000000000000000000000000000000000000000000000000000000000000000000000
00000000000000000000000000000000000000000000000000000000000000000000000000000000
00000000000000000000000000100000000000000000000000000010000000000000000000000000
00000000000000000000000010100000000000000000000000000010100000000000000000000000
00000000000000110000001100000000000011000001100000000000011000000110000000000000
00000000000001000100001100000000000011000001100000000000011000010001000000000000
00110000000010000010001100000000000000000000000000000000011000100000100000000110
00110000000010001011000010100000000011100011100000000010100001101000100000000110
00000000000010000010000000100000000000000000000000000010000000100000100000000000
00000000000001000100000000000000001000010100001000000000000000010001000000000000
00000000000000110000000000000000001000010100001000000000000000000110000000000000
00000000000000000000000000000000001000010100001000000000000000000000000000000000
00000000000000000000000000000000000011100011100000000000000000000000000000000000
00000000000000000000000000000000000000000000000000000000000000000000000000000000
00000000000000000000000000000000000011100011100000000000000000000000000000000000
00000000000000000000000000000000001000010100001000000000000000000000000000000000
00000000000000000000000000000000001000010100001000000000000000000000000000000000
00000000000000000000000000000000001000010100001000000000000000000000000000000000
00000000000000000000000000000000000000000000000000000000000000000000000000000000
00000000000000000000000000000000000011100011100000000000000000000000000000000000
00000000000000000000000000000000000000000000000000000000000000000000000000000000
00000000000000000000000000000000000000000000000000000000000000000000000000000000
